L2 3200 1 0.0783
L2 3200 3 0.0757
L2 3200 5 0.0773
L2 6400 1 0.0631
L2 6400 3 0.0594
L2 6400 5 0.0608
L2 12800 1 0.049
L2 12800 3 0.0466
L2 12800 5 0.0486
L2 25600 1 0.0402
L2 25600 3 0.0379
L2 25600 5 0.0397
L2 51200 1 0.0329
L2 51200 3 0.0301
L2 51200 5 0.0325
L1 3200 1 0.0908
L1 3200 3 0.0878
L1 3200 5 0.0906
L1 6400 1 0.0745
L1 6400 3 0.0711
L1 6400 5 0.0721
L1 12800 1 0.0591
L1 12800 3 0.0547
L1 12800 5 0.0579
L1 25600 1 0.0484
L1 25600 3 0.0473
L1 25600 5 0.0458
L1 51200 1 0.0394
L1 51200 3 0.0381
L1 51200 5 0.0394
